-2.251 11.5
-2.251 -6.25
-2.251 -7.25
-2.251 -5.25
-1.8312 -23
-1.8312 21
-1.8312 5.75
-1.6568 8.75
-1.6568 3.25
-1.5467 8.25
-1.5467 -10.25
-1.4749 -10.5
-1.3699 -0.5
-1.3699 36.25
-1.3699 29.25
-1.3699 19.75
-1.2443 19.5
-1.2443 10.75
-1.2443 17.25
-1.1653 3.5
-1.1653 11.25
-1.1212 -13
-1.093 24
-1.0657 2.5
-1.026 5.5
-1.026 3
-0.9756 29.75
-0.9756 21.25
-0.9393 7.5
-0.9158 -16.5
-0.8815 4.5
-0.8815 39
-0.8265 0.25
-0.8265 -21
-0.8265 -5.75
-0.7842 -10.25
-0.7636 -0.5
-0.7332 15.75
-0.7332 -19
-0.7035 6
-0.6745 10.5
-0.6745 -1.5
-0.646 23.5
-0.6272 33
-0.6087 4.25
-0.5814 18.75
-0.5814 8.5
-0.5455 27.75
-0.5455 3.25
-0.4931 -1.5
-0.4931 7.75
-0.4931 30.75
-0.4931 1
-0.4503 -15.75
-0.4251 33.5
-0.4251 36.25
-0.4001 5.5
-0.3836 25.5
-0.3672 20.25
-0.3509 33.25
-0.3267 56.75
-0.3267 4.25
-0.3026 32.5
-0.2786 -4.25
-0.2786 54.5
-0.247 62.75
-0.247 42.75
-0.2234 64.25
-0.2078 30.25
-0.1844 47.25
-0.1844 14.75
-0.1611 18
-0.1379 48.75
-0.1379 13.75
-0.1148 43
-0.0995 27.75
-0.0841 44.5
-0.0535 -14.5
-0.0535 22.5
-0.0535 -20.75
-0.0229 46.25
-0.0076 39.5
0.0153 14.75
0.0153 59.5
0.0459 0
0.0459 63
0.0689 42
0.0842 41.25
0.0996 36.25
0.115 66.5
0.1381 61.75
0.1381 14
0.169 36
0.169 39.5
0.1923 1
0.2079 53.5
0.2235 46.5
0.2471 39
0.2471 51
0.3027 1
0.3027 11.5
0.3027 2.75
0.3027 46.75
0.3027 -0.25
0.3511 48.75
0.3674 101.75
0.392 72.5
0.392 29.25
0.4169 41.75
0.4589 59.75
0.4589 29.5
0.4589 48.5
0.4589 61.25
0.5368 9.75
0.5368 71
0.5368 41
0.5368 53.75
0.5368 37.75
0.6181 3.25
0.6181 62.5
0.6181 60
0.6181 39
0.7434 113.25
0.7434 18.25
0.7434 32.5
0.7434 77
0.7434 70.75
0.7434 54.75
0.7434 75.75
0.7434 78.75
0.7434 76
0.9276 73
0.9276 26.75
0.9276 68
0.9276 21
0.9276 30.25
0.9276 47.5
0.9276 56
0.9276 28.75
1.0794 80
1.0794 86
1.0794 79
1.0794 69
1.2782 42.25
1.2782 40.25
1.2782 41.25
1.2782 94.25
1.2782 6
1.2782 26.75
1.2782 54.75
1.2782 104.75
1.2782 80
1.5468 70
1.5468 51.5
1.5468 85
1.5468 82.75
1.9707 92
1.9707 73.75
1.9707 68
1.9707 69.5
1.9707 54
1.9707 101.5
1.9707 86.75
1.9707 44.75
